1000000000000111 1 14348920 11
1000000000000111 2 1073741845 7
1000000000000111 4 470184984619 5
1000000000000111 7 205891132094740 53
1000000000000111 8 1000000000000111 191
1000000000001001 1 14348935 2
1000000000001001 3 30517578251 2
1000000000001001 4 470184984793 2789
1000000000001001 5 4747561510287 2
1000000000001001 7 205891132095379 2
1000000000001101 2 1073741905 29
1000000000001101 4 470184984829 173
1000000000001101 8 1000000000001101 31
1000000000010111 1 14349001 23
1000000000010111 2 1073742101 1427
1000000000010111 3 30517578781 11321
1000000000010111 4 470184985915 11
1000000000010111 5 4747561512401 11
1000000000010111 6 35184372093001 11
1000000000010111 7 205891132101301 17
1000000000010111 8 1000000000010111 11
1000000000011001 2 1073742145 5849
1000000000011001 4 470184986089 239
1000000000011001 8 1000000000011001 1933
1000000000011011 1 14349019 409
1000000000011011 2 1073742149 3
1000000000011011 3 30517578881 41231
1000000000011011 5 4747561512695 3
1000000000011011 6 35184372093449 59
1000000000011011 8 1000000000011011 3
1000000000100101 2 1073742865 107
1000000000100101 4 470184992389 5
1000000000100101 8 1000000000100101 23071
1000000000100111 1 14349163 5
1000000000100111 2 1073742869 3
1000000000100111 3 30517581281 13
1000000000100111 4 470184992395 431063
1000000000100111 5 4747561526807 3
1000000000100111 6 35184372121673 5
1000000000100111 7 205891132153789 20011
1000000000100111 8 1000000000100111 3
1000000000101101 1 14349187 2
1000000000101101 2 1073742929 3
1000000000101101 3 30517581401 2
1000000000101101 4 470184992605 11
1000000000101101 5 4747561527143 2
1000000000101101 6 35184372122177 11
1000000000101101 7 205891132154509 2
1000000000101101 8 1000000000101101 3
1000000000101111 1 14349190 59
1000000000101111 2 1073742933 16883
1000000000101111 3 30517581406 73
1000000000101111 4 470184992611 5
1000000000101111 6 35184372122185 31
1000000000101111 7 205891132154518 11
1000000000101111 8 1000000000101111 503
1000000000110011 1 14349235 11
1000000000110011 2 1073743109 3
1000000000110011 3 30517581881 19
1000000000110011 4 470184993655 294949
1000000000110011 5 4747561529159 3
1000000000110011 6 35184372125705 163
1000000000110011 7 205891132160269 5
1000000000110011 8 1000000000110011 3
1000000000110101 1 14349241 2
1000000000110101 2 1073743121 13
1000000000110101 3 30517581901 2
1000000000110101 4 470184993685 1499
1000000000110101 5 4747561529201 2
1000000000110101 6 35184372125761 7
1000000000110101 7 205891132160341 2
1000000000110101 8 1000000000110101 13
1000000000111001 1 14349259 2
1000000000111001 2 1073743169 3
1000000000111001 3 30517582001 2
1000000000111001 5 4747561529495 2
1000000000111001 6 35184372126209 2342993
1000000000111001 7 205891132160989 2
1000000000111001 8 1000000000111001 3
1000000000111011 1 14349262 5
1000000000111011 2 1073743173 1117
1000000000111011 3 30517582006 17
1000000000111011 4 470184993871 2689
1000000000111011 5 4747561529502 2467
1000000000111011 6 35184372126217 5
1000000000111011 7 205891132160998 57803
1000000000111011 8 1000000000111011 281
1000000001000011 1 14349640 37
1000000001000011 2 1073745925 4339
1000000001000011 4 470185031239 5
1000000001000011 7 205891132626100 13
1000000001000101 2 1073745937 3
1000000001000101 4 470185031269 191
1000000001000101 6 35184372351041 5
1000000001000101 8 1000000001000101 3
1000000001001101 1 14349673 2
1000000001001101 2 1073746001 7
1000000001001101 3 30517593901 2
1000000001001101 5 4747561627985 2
1000000001001101 6 35184372351553 19
1000000001001101 7 205891132626901 2
1000000001001101 8 1000000001001101 109
1000000001010001 2 1073746177 3
1000000001010001 4 470185032529 163
1000000001010001 6 35184372355073 7
1000000001010001 8 1000000001010001 3
1000000001010111 1 14349730 17
1000000001010111 3 30517594406 31
1000000001010111 4 470185032571 5
1000000001010111 6 35184372355145 881
1000000001010111 7 205891132632742 19
1000000001011001 1 14349745 2
1000000001011001 2 1073746241 241
1000000001011001 3 30517594501 2
1000000001011001 4 470185032745 11
1000000001011001 5 4747561630337 2
1000000001011001 7 205891132633381 2
1000000001011001 8 1000000001011001 11
1000000001100001 2 1073746945 71
1000000001100001 4 470185039009 5
1000000001100001 8 1000000001100001 17
1000000001100011 1 14349883 5
1000000001100011 2 1073746949 3
1000000001100011 3 30517596881 7
1000000001100011 4 470185039015 7
1000000001100011 5 4747561644407 3
1000000001100011 6 35184372383753 5
1000000001100011 7 205891132685149 229
1000000001100011 8 1000000001100011 3
1000000001101101 2 1073747025 19
1000000001101101 4 470185039261 41
1000000001101101 8 1000000001101101 271
1000000001101111 1 14349919 3307
1000000001101111 2 1073747029 3
1000000001101111 3 30517597031 88789
1000000001101111 4 470185039267 11
1000000001101111 5 4747561644799 3
1000000001101111 6 35184372384329 11
1000000001101111 7 205891132685959 5
1000000001101111 8 1000000001101111 3
1000000001110001 1 14349961 2
1000000001110001 2 1073747201 17
1000000001110001 3 30517597501 2
1000000001110001 4 470185040305 7
1000000001110001 5 4747561646801 2
1000000001110001 6 35184372387841 103
1000000001110001 7 205891132691701 2
1000000001110001 8 1000000001110001 7
1000000001110101 4 470185040341 5
1000000001110101 6 35184372387905 43
1000000001111001 4 470185040521 8329
1000000001111001 8 1000000001111001 1877
1000000010000001 1 14351095 2
1000000010000001 3 30517656251 2
1000000010000001 4 470185264513 359
1000000010000001 5 4747562333487 2
1000000010000001 7 205891136877619 2
1000000010000101 2 1073758225 7
1000000010001001 2 1073758273 23
1000000010001001 4 470185264729 5
1000000010001001 6 35184374186497 7
1000000010001001 8 1000000010001001 31
1000000010001011 2 1073758277 223
1000000010001011 4 470185264735 853
1000000010001011 5 4747562333837 1789
1000000010001011 8 1000000010001011 2843
1000000010011011 1 14351206 7
1000000010011011 2 1073758533 31
1000000010011011 3 30517657006 7
1000000010011011 4 470185266031 7
1000000010011011 5 4747562336238 11
1000000010011011 6 35184374190601 11
1000000010011011 7 205891136884918 4219
1000000010011011 8 1000000010011011 7
1000000010011101 2 1073758545 13
1000000010011101 4 470185266061 5
1000000010011101 8 1000000010011101 13
1000000010100001 2 1073759233 5
1000000010100001 4 470185272289 593
1000000010100001 6 35184374218753 805531
1000000010100001 8 1000000010100001 43
1000000010101001 1 14351365 2
1000000010101001 2 1073759297 587
1000000010101001 3 30517659501 2
1000000010101001 4 470185272505 7
1000000010101001 5 4747562350637 2
1000000010101001 7 205891136937397 2
1000000010110001 1 14351419 2
1000000010110001 2 1073759489 3
1000000010110001 3 30517660001 2
1000000010110001 5 4747562352695 2
1000000010110001 6 35184374222849 11
1000000010110001 7 205891136943229 2
1000000010110001 8 1000000010110001 3
1000000010110011 1 14351422 5
1000000010110011 2 1073759493 73
1000000010110011 3 30517660006 113
1000000010110011 4 470185273591 73
1000000010110011 5 4747562352702 17
1000000010110011 6 35184374222857 5
1000000010110011 7 205891136943238 11
1000000010110011 8 1000000010110011 11279
1000000010110101 4 470185273621 17
1000000010110101 8 1000000010110101 41
1000000010110111 1 14351431 7
1000000010110111 2 1073759509 3
1000000010110111 3 30517660031 7
1000000010110111 4 470185273627 7
1000000010110111 5 4747562352751 3
1000000010110111 6 35184374222921 73
1000000010110111 7 205891136943319 83
1000000010110111 8 1000000010110111 3
1000000010111011 1 14351449 31
1000000010111011 2 1073759557 11
1000000010111011 4 470185273807 5
1000000010111011 7 205891136943967 2039
1000000010111011 8 1000000010111011 7817
1000000011000011 1 14351827 19
1000000011000011 2 1073762309 3
1000000011000011 3 30517671881 13
1000000011000011 4 470185311175 5153
1000000011000011 5 4747562451143 3
1000000011000011 6 35184374448137 349
1000000011000011 8 1000000011000011 3
1000000011000101 1 14351833 2
1000000011000101 2 1073762321 191
1000000011000101 3 30517671901 2
1000000011000101 5 4747562451185 2
1000000011000101 6 35184374448193 271
1000000011000101 7 205891137409141 2
1000000011000101 8 1000000011000101 7
1000000011000111 1 14351836 5
1000000011000111 2 1073762325 4547
1000000011000111 7 205891137409150 43
1000000011001111 1 14351863 23
1000000011001111 2 1073762389 3
1000000011001111 4 470185311427 5
1000000011001111 5 4747562451535 3
1000000011001111 7 205891137409879 1767313
1000000011001111 8 1000000011001111 3
1000000011010011 1 14351908 7
1000000011010011 5 4747562453544 13
1000000011010011 8 1000000011010011 7
1000000011010101 4 470185312501 1613
1000000011010101 6 35184374452289 23
1000000011011001 2 1073762625 7
1000000011011001 4 470185312681 5
1000000011011001 8 1000000011011001 277
1000000011011101 1 14351941 2
1000000011011101 2 1073762641 5
1000000011011101 3 30517672651 2
1000000011011101 4 470185312717 11
1000000011011101 5 4747562453929 2
1000000011011101 7 205891137416431 2
1000000011011101 8 1000000011011101 11
1000000011011111 2 1073762645 19
1000000011011111 4 470185312723 1237
1000000011011111 5 4747562453936 19
1000000011011111 8 1000000011011111 233
