50
500000 5 85 39 61 72 97 100
500000 167 891 711 270 424 901 981
100000 0 999995001 1 0 10000 10000 1000000000
1 469087218 614119259 0 0 142576737 107086205 997333618
4 56945355 607455568 0 0 55292552 587321412 976973507
4 263134704 656701701 0 0 752579949 250885579 989189340
3 91530840 521547587 0 0 374020849 220761992 956153904
4 197990000 834200047 0 0 963537590 821227437 947669670
1000 626329747 717570558 0 0 386364858 371497948 978545002
1000 176414778 202559301 0 0 875486929 275437582 980799703
1000 204708132 923853335 0 0 708581983 413993634 851338114
1000 417026625 829722471 0 0 541347606 615577453 933338631
1000 7353084 372041026 0 0 897275737 473031934 997585044
1000 35974496 294606446 932245389 390765392 0 0 891372884
1000 18000735 94132212 348931194 4417476 0 0 905955916
1000 560698919 674489232 176916692 717316778 0 0 980641161
1000 403668423 410930806 686400843 250233930 0 0 994049155
1000 366104971 466289083 349377208 786577218 0 0 993050436
1000 297195415 937580088 462886329 234856515 14339063 861188757 960087422
1000 58194808 518382492 253722508 941193624 317219349 834913019 988642555
1000 702240934 792331490 157897391 37265295 701683376 35329445 998200942
1000 279569546 693281502 121259348 474228981 236981440 636021625 944150868
1000 139857625 843595846 383634469 938805111 122633425 772223988 985661862
1000 836337222 924466971 14758444 265918758 68260032 676837278 962875443
1000 585472594 843661192 887218394 123935654 698564682 451341774 952100846
1000 372652969 593734990 811928797 251303161 621306044 240516343 995785370
1000 437049820 516302557 499839663 974350369 556270767 846547041 992243224
1000 229098877 795807125 822979387 573068107 702522268 856513929 985666168
1000 101588424 739979132 688758584 955652152 912411322 470688855 978654807
1000 366127439 971065106 757151950 68819348 42752773 296290425 873802173
1000 56255787 443371484 96268331 483367923 133086726 24417982 972001326
1000 120726638 886819757 109305927 330761195 502240265 135148181 925301650
1000 664179806 697609444 185019314 419189797 400217741 228679854 995091775
1000 271180242 913517208 347924202 461468687 877266059 593504956 959033959
1000 47006560 382718686 470817426 258002856 351901119 763127137 883263088
1000 414796439 584694494 790277700 13172413 879247307 134173353 969430447
1000 111638831 809448342 202435455 156182621 968111251 935233282 990009008
1000 74545223 836004855 771842630 808062627 55629249 502692264 978748341
1000 28770268 249448879 136462769 914862440 801764301 84063575 982098344
1000 516730640 870449441 894593752 968081233 791329918 479551960 955428540
1000 533165105 573340540 745400175 561175657 953181387 371178728 964921125
492594 606225690 702228846 724153837 855345436 505997831 958369189 931947865
495864 121028746 208216038 791955657 563206673 467176659 386419548 961393354
496907 333392742 398501313 647429421 385349228 92332137 115112902 987899106
486562 146201081 954171836 102270942 996107605 361188255 640506845 984117418
500000 712411449 895586948 122139829 426255651 625221555 612837456 997768863
500000 576573929 669623986 555751318 762483309 620847183 896801016 972034589
500000 163215349 667901422 573753085 670210877 335085997 264105398 969926027
500000 455865692 972890831 852365113 966867619 788758032 406670533 967923651
500000 81562524 700717774 444862989 798007083 559471584 96354690 992850696
