50
1000 1 19 15 17 14 8 20
1000 8 19 14 16 1 4 20
1000 10 12 9 15 14 1 20
1000 0 999995001 1 0 10000 10000 1000000000
1 48502117 646254343 0 0 670053548 116359859 866615520
4 749200432 820113850 0 0 785870735 868679018 931396021
1 180611622 346473865 0 0 627116564 606021929 970271172
2 526562311 875909771 0 0 762642489 504053147 987582941
2 7020056 682369027 0 0 114032127 21515482 952899985
1000 626163272 751326503 0 0 107845422 923674598 959169805
1000 123632820 611043163 0 0 752456939 339009011 992582699
1000 181796764 687638162 0 0 18338692 135618516 950353069
1000 85971582 767782757 0 0 366052559 472418557 995396515
1000 721847841 861217151 0 0 291906065 715186579 941427337
1000 52076352 453342293 302544988 49552303 0 0 945366530
1000 272410328 483485727 143457476 333558369 0 0 997556291
1000 158831779 759568160 821337979 2989572 0 0 991641441
1000 182629873 781402988 340886 405407302 0 0 974915966
1000 95494119 466834083 693420587 55215070 0 0 930309336
1000 58654017 166911460 404340189 662016502 437741659 457609333 980239764
1000 902961435 902969733 732684768 243350887 721502187 359673191 988455187
1000 318596760 663855639 347414477 214146594 45565298 781209813 900491654
1000 14250349 530388555 889198544 985816680 50774393 424796401 996427121
1000 69928310 932178742 483227542 643310605 981886390 707801679 973109719
1000 280929275 807512461 34222688 241772318 479442584 539177054 954445681
1000 514247766 779163192 40367337 514208904 187454144 206115992 981734993
1000 34709983 54430212 598222301 54285028 856947033 176984952 954083223
1000 984317733 985856547 442492074 41563315 183879908 362883654 999560351
1000 385412875 549859401 190563051 459287830 438300090 905674600 915877709
1000 133442457 860772854 878066168 994382049 482215283 818979116 969505699
1000 120052126 396935631 95456738 141915597 224167674 122151202 980967246
1000 89659314 786782395 871824309 866094453 829086056 149708159 935085601
1000 461383945 758578612 275780811 341531305 331098381 510282533 912981927
1000 199476360 563260330 687121594 751271860 480036315 330909344 980637629
1000 195318093 372731192 606292369 997602736 707618991 657566801 966188679
1000 311402 517444083 69865471 337818407 973086429 831641042 978813286
1000 121332073 583535843 889199730 760904692 921062790 269634759 957967927
1000 230870698 552911955 72700429 794944017 415025879 545547395 975224506
1000 137536748 271098892 101956272 788821770 338866681 924183068 994073796
1000 44974548 859126769 453596815 58618056 638081195 680323000 998870992
1000 237709728 496246723 896723168 297632937 114189262 207702713 911819626
1000 89259733 319760417 871000497 630401556 287205818 128701626 995993931
985 33000201 412776556 593324846 731443279 890333106 485474803 958506882
985 357079179 434406511 477934190 446822941 463817506 111156045 975699427
966 459932391 559939243 69567506 34475264 222410273 868845209 985627589
982 566722069 704480627 166136520 147147525 983379272 401858388 982619968
1000 96493812 342290704 400271603 67503796 568438335 875762274 961488530
1000 210752306 529572199 965809701 429847912 660605865 736771843 973517721
1000 840462805 843361382 266806559 725070106 608766617 401625599 939735992
1000 49876283 672663325 887367779 488414904 588543612 75645170 986402491
