Case #1: 1
1 1 1
Case #2: 4
1 1 1
1 1 2
1 2 1
1 2 2
Case #3: 2
1 1 1
1 1 2
Case #4: 2
1 1 1
1 2 2
Case #5: 18
1 1 1
1 1 2
1 1 3
1 2 1
1 2 2
1 2 3
1 3 1
1 3 2
1 3 3
2 1 1
2 1 2
2 1 3
2 2 1
2 2 2
2 2 3
2 3 1
2 3 2
2 3 3
Case #6: 1
1 1 1
Case #7: 8
1 1 1
1 1 2
1 2 1
1 2 2
2 1 1
2 1 2
2 2 1
2 2 2
Case #8: 9
1 1 1
1 1 2
1 1 3
1 2 1
1 2 2
1 2 3
1 3 1
1 3 2
1 3 3
Case #9: 9
1 1 1
1 1 2
1 1 3
1 2 1
1 2 2
1 2 3
1 3 1
1 3 2
1 3 3
Case #10: 4
1 1 1
1 2 2
2 1 2
2 2 1
Case #11: 2
1 1 1
1 1 2
Case #12: 18
1 1 1
1 1 2
1 1 3
1 2 1
1 2 2
1 2 3
1 3 1
1 3 2
1 3 3
2 1 1
2 1 2
2 1 3
2 2 1
2 2 2
2 2 3
2 3 1
2 3 2
2 3 3
Case #13: 27
1 1 1
1 1 2
1 1 3
1 2 1
1 2 2
1 2 3
1 3 1
1 3 2
1 3 3
2 1 1
2 1 2
2 1 3
2 2 1
2 2 2
2 2 3
2 3 1
2 3 2
2 3 3
3 1 1
3 1 2
3 1 3
3 2 1
3 2 2
3 2 3
3 3 1
3 3 2
3 3 3
Case #14: 27
1 1 1
1 1 2
1 1 3
1 2 1
1 2 2
1 2 3
1 3 1
1 3 2
1 3 3
2 1 1
2 1 2
2 1 3
2 2 1
2 2 2
2 2 3
2 3 1
2 3 2
2 3 3
3 1 1
3 1 2
3 1 3
3 2 1
3 2 2
3 2 3
3 3 1
3 3 2
3 3 3
Case #15: 2
1 1 1
1 1 2
Case #16: 3
1 1 1
1 2 2
1 3 3
Case #17: 3
1 1 1
1 1 2
1 1 3
Case #18: 6
1 1 1
1 1 2
1 1 3
1 2 1
1 2 2
1 2 3
Case #19: 18
1 1 1
1 1 2
1 1 3
1 2 1
1 2 2
1 2 3
1 3 1
1 3 2
1 3 3
2 1 1
2 1 2
2 1 3
2 2 1
2 2 2
2 2 3
2 3 1
2 3 2
2 3 3
Case #20: 2
1 1 1
1 1 2
Case #21: 18
1 1 1
1 1 2
1 1 3
1 2 1
1 2 2
1 2 3
1 3 1
1 3 2
1 3 3
2 1 1
2 1 2
2 1 3
2 2 1
2 2 2
2 2 3
2 3 1
2 3 2
2 3 3
Case #22: 12
1 1 1
1 1 2
1 1 3
1 2 1
1 2 2
1 2 3
2 1 1
2 1 2
2 1 3
2 2 1
2 2 2
2 2 3
Case #23: 9
1 1 1
1 1 2
1 1 3
1 2 1
1 2 2
1 2 3
1 3 1
1 3 2
1 3 3
Case #24: 4
1 1 1
1 1 2
1 2 1
1 2 2
Case #25: 9
1 1 1
1 1 2
1 1 3
1 2 1
1 2 2
1 2 3
1 3 1
1 3 2
1 3 3
Case #26: 3
1 1 1
1 1 2
1 1 3
Case #27: 14
1 1 1
1 1 2
1 2 1
1 2 2
1 3 3
2 1 1
2 1 2
2 2 1
2 2 2
2 3 3
3 1 3
3 2 3
3 3 1
3 3 2
Case #28: 4
1 1 1
1 1 2
1 2 1
1 2 2
Case #29: 1
1 1 1
Case #30: 1
1 1 1
Case #31: 27
1 1 1
1 1 2
1 1 3
1 2 1
1 2 2
1 2 3
1 3 1
1 3 2
1 3 3
2 1 1
2 1 2
2 1 3
2 2 1
2 2 2
2 2 3
2 3 1
2 3 2
2 3 3
3 1 1
3 1 2
3 1 3
3 2 1
3 2 2
3 2 3
3 3 1
3 3 2
3 3 3
Case #32: 6
1 1 1
1 1 2
1 1 3
1 2 1
1 2 2
1 2 3
Case #33: 8
1 1 1
1 1 2
1 2 1
1 2 2
2 1 1
2 1 2
2 2 1
2 2 2
Case #34: 4
1 1 1
1 1 2
1 2 1
1 2 2
Case #35: 27
1 1 1
1 1 2
1 1 3
1 2 1
1 2 2
1 2 3
1 3 1
1 3 2
1 3 3
2 1 1
2 1 2
2 1 3
2 2 1
2 2 2
2 2 3
2 3 1
2 3 2
2 3 3
3 1 1
3 1 2
3 1 3
3 2 1
3 2 2
3 2 3
3 3 1
3 3 2
3 3 3
Case #36: 6
1 1 1
1 1 2
1 1 3
1 2 1
1 2 2
1 2 3
Case #37: 10
1 1 1
1 1 2
1 2 1
1 2 2
1 3 3
2 1 1
2 1 2
2 2 1
2 2 2
2 3 3
Case #38: 3
1 1 1
1 1 2
1 1 3
Case #39: 12
1 1 1
1 1 2
1 1 3
1 2 1
1 2 2
1 2 3
2 1 1
2 1 2
2 1 3
2 2 1
2 2 2
2 2 3
Case #40: 8
1 1 1
1 1 2
1 2 1
1 2 2
2 1 1
2 1 2
2 2 1
2 2 2
Case #41: 18
1 1 1
1 1 2
1 1 3
1 2 1
1 2 2
1 2 3
1 3 1
1 3 2
1 3 3
2 1 1
2 1 2
2 1 3
2 2 1
2 2 2
2 2 3
2 3 1
2 3 2
2 3 3
Case #42: 12
1 1 1
1 1 2
1 1 3
1 2 1
1 2 2
1 2 3
2 1 1
2 1 2
2 1 3
2 2 1
2 2 2
2 2 3
Case #43: 1
1 1 1
Case #44: 2
1 1 1
1 2 2
Case #45: 4
1 1 1
1 1 2
1 2 1
1 2 2
Case #46: 18
1 1 1
1 1 2
1 1 3
1 2 1
1 2 2
1 2 3
1 3 1
1 3 2
1 3 3
2 1 1
2 1 2
2 1 3
2 2 1
2 2 2
2 2 3
2 3 1
2 3 2
2 3 3
Case #47: 27
1 1 1
1 1 2
1 1 3
1 2 1
1 2 2
1 2 3
1 3 1
1 3 2
1 3 3
2 1 1
2 1 2
2 1 3
2 2 1
2 2 2
2 2 3
2 3 1
2 3 2
2 3 3
3 1 1
3 1 2
3 1 3
3 2 1
3 2 2
3 2 3
3 3 1
3 3 2
3 3 3
Case #48: 5
1 1 1
1 1 2
1 2 1
1 2 2
1 3 3
Case #49: 12
1 1 1
1 1 2
1 1 3
1 2 1
1 2 2
1 2 3
2 1 1
2 1 2
2 1 3
2 2 1
2 2 2
2 2 3
Case #50: 1
1 1 1
Case #51: 3
1 1 1
1 1 2
1 1 3
Case #52: 8
1 1 1
1 1 2
1 2 1
1 2 2
2 1 1
2 1 2
2 2 1
2 2 2
Case #53: 8
1 1 1
1 1 2
1 2 1
1 2 2
2 1 1
2 1 2
2 2 1
2 2 2
Case #54: 3
1 1 1
1 1 2
1 1 3
Case #55: 3
1 1 1
1 1 2
1 1 3
Case #56: 6
1 1 1
1 1 2
1 1 3
1 2 1
1 2 2
1 2 3
Case #57: 3
1 1 1
1 1 2
1 1 3
Case #58: 6
1 1 1
1 1 2
1 1 3
1 2 1
1 2 2
1 2 3
Case #59: 5
1 1 1
1 2 2
1 3 3
2 1 2
2 2 1
Case #60: 12
1 1 1
1 1 2
1 1 3
1 2 1
1 2 2
1 2 3
2 1 1
2 1 2
2 1 3
2 2 1
2 2 2
2 2 3
Case #61: 8
1 1 1
1 1 2
1 2 1
1 2 2
2 1 1
2 1 2
2 2 1
2 2 2
Case #62: 9
1 1 1
1 1 2
1 1 3
1 2 1
1 2 2
1 2 3
1 3 1
1 3 2
1 3 3
Case #63: 7
1 1 1
1 2 2
1 3 3
2 1 2
2 2 1
3 1 3
3 3 1
Case #64: 1
1 1 1
Case #65: 2
1 1 1
1 1 2
Case #66: 1
1 1 1
Case #67: 8
1 1 1
1 1 2
1 2 1
1 2 2
2 1 1
2 1 2
2 2 1
2 2 2
Case #68: 4
1 1 1
1 1 2
1 2 1
1 2 2
Case #69: 1
1 1 1
Case #70: 4
1 1 1
1 1 2
1 2 1
1 2 2
Case #71: 2
1 1 1
1 1 2
Case #72: 8
1 1 1
1 1 2
1 2 1
1 2 2
2 1 1
2 1 2
2 2 1
2 2 2
Case #73: 1
1 1 1
Case #74: 1
1 1 1
Case #75: 8
1 1 1
1 1 2
1 2 1
1 2 2
2 1 1
2 1 2
2 2 1
2 2 2
Case #76: 9
1 1 1
1 1 2
1 1 3
1 2 1
1 2 2
1 2 3
1 3 1
1 3 2
1 3 3
Case #77: 6
1 1 1
1 1 2
1 1 3
1 2 1
1 2 2
1 2 3
Case #78: 6
1 1 1
1 1 2
1 1 3
1 2 1
1 2 2
1 2 3
Case #79: 9
1 1 1
1 1 2
1 1 3
1 2 1
1 2 2
1 2 3
1 3 1
1 3 2
1 3 3
Case #80: 9
1 1 1
1 1 2
1 1 3
1 2 1
1 2 2
1 2 3
1 3 1
1 3 2
1 3 3
Case #81: 12
1 1 1
1 1 2
1 1 3
1 2 1
1 2 2
1 2 3
2 1 1
2 1 2
2 1 3
2 2 1
2 2 2
2 2 3
Case #82: 12
1 1 1
1 1 2
1 1 3
1 2 1
1 2 2
1 2 3
2 1 1
2 1 2
2 1 3
2 2 1
2 2 2
2 2 3
Case #83: 2
1 1 1
1 1 2
Case #84: 4
1 1 1
1 1 2
1 2 1
1 2 2
Case #85: 2
1 1 1
1 1 2
Case #86: 4
1 1 1
1 1 2
1 2 1
1 2 2
Case #87: 6
1 1 1
1 1 2
1 1 3
1 2 1
1 2 2
1 2 3
Case #88: 27
1 1 1
1 1 2
1 1 3
1 2 1
1 2 2
1 2 3
1 3 1
1 3 2
1 3 3
2 1 1
2 1 2
2 1 3
2 2 1
2 2 2
2 2 3
2 3 1
2 3 2
2 3 3
3 1 1
3 1 2
3 1 3
3 2 1
3 2 2
3 2 3
3 3 1
3 3 2
3 3 3
Case #89: 2
1 1 1
1 1 2
Case #90: 4
1 1 1
1 2 2
2 1 2
2 2 1
Case #91: 12
1 1 1
1 1 2
1 1 3
1 2 1
1 2 2
1 2 3
2 1 1
2 1 2
2 1 3
2 2 1
2 2 2
2 2 3
Case #92: 18
1 1 1
1 1 2
1 1 3
1 2 1
1 2 2
1 2 3
1 3 1
1 3 2
1 3 3
2 1 1
2 1 2
2 1 3
2 2 1
2 2 2
2 2 3
2 3 1
2 3 2
2 3 3
Case #93: 1
1 1 1
Case #94: 2
1 1 1
1 1 2
Case #95: 4
1 1 1
1 1 2
1 2 1
1 2 2
Case #96: 3
1 1 1
1 1 2
1 1 3
Case #97: 27
1 1 1
1 1 2
1 1 3
1 2 1
1 2 2
1 2 3
1 3 1
1 3 2
1 3 3
2 1 1
2 1 2
2 1 3
2 2 1
2 2 2
2 2 3
2 3 1
2 3 2
2 3 3
3 1 1
3 1 2
3 1 3
3 2 1
3 2 2
3 2 3
3 3 1
3 3 2
3 3 3
Case #98: 8
1 1 1
1 1 2
1 2 1
1 2 2
2 1 1
2 1 2
2 2 1
2 2 2
Case #99: 27
1 1 1
1 1 2
1 1 3
1 2 1
1 2 2
1 2 3
1 3 1
1 3 2
1 3 3
2 1 1
2 1 2
2 1 3
2 2 1
2 2 2
2 2 3
2 3 1
2 3 2
2 3 3
3 1 1
3 1 2
3 1 3
3 2 1
3 2 2
3 2 3
3 3 1
3 3 2
3 3 3
Case #100: 18
1 1 1
1 1 2
1 1 3
1 2 1
1 2 2
1 2 3
1 3 1
1 3 2
1 3 3
2 1 1
2 1 2
2 1 3
2 2 1
2 2 2
2 2 3
2 3 1
2 3 2
2 3 3
